c/s deg ord
g/h n m     1       2       3       4       O
g  1  0 	0.0016	0.0092	0.0155	0.0099	0.09732
g  1  1  	0.0003	0.0034	-0.0231	-0.0001	0.03220
h  1  1     -0.0002	-0.0006	-0.0090	-0.0024	-0.09889
g  2  0     -0.0390	0.0028	-0.2264	-0.0158	0.07448
g  2  1     -0.0117	-0.0289	-0.0008	-0.0404	0.00664
h  2  1     0.0158	0.0050	0.0443	0.0089	0.04499
g  2  2     -0.0124	-0.0032	-0.1429	0.0002	0.11230
h  2  2     0.0067	0.0064	0.0983	0.0191	-0.00070
g  3  0     -0.1122	-0.0106	0.2117	-0.0166	-0.06592
g  3  1     0.2992	0.1398	0.9883	0.1388	0.04098
h  3  1     0.0184	0.0311	-0.7870	0.0301	-0.03581
g  3  2     -0.0553	-0.0453	0.3139	-0.0293	0.00484
h  3  2     0.0214	0.0210	0.1029	0.0370	-0.03669
g  3  3     0.0777	0.0002	0.9888	-0.0151	0.01791
h  3  3     -0.0307	-0.0215	-0.1158	-0.0377	-0.00770
